0006716679
0552142573
0552146757
0747581088
0552142565
0743440404
9781935182641
9780575089914
9780575089945
9780575089938
1857236815
9780007244294
9780007196203
0006498868
0006498876
9870007264681
0575072563
1841491020
0593045580
0099288893
1857236718
1857236653
1857236211
0552084530
185798854X
0140504230
1841490733
1841490385
1841490032
0330310453
0330324780
0330376020
0330348361
0345413350
0439010799
0749718749
0552084530
0552108812
0552106615
0552118044
0552116351
0679783393
0674017722
9780718193669
0816624372
9780199226115
9780195374636
0748624856
0192835971
9780141016900
9780141032368
9780140449150
0198750366
0415253896
0753820196
0226264211
0486451178
9780141035062
0192831348
0521558182
0099225611
9780141031484
9780141031187
041535627X
0713998067
9780192893307
0141003146
0192801422
0198781113
0333987055
0198752482
0316732931
9780521559133
9781905881710
9781905881796
9781905881697
0903141868
0903141841
9781905881772
0903141825
0903141884
0140449493
0140444394
9781584889601
0415259215
0415281091
9780199280964
1843311100
0582404878
0716752379
9780060502935
9780552152693
9780552153355
9780552153362
9780765367662
0575077980
0575076429
9780753820254
0141182563
9780007315093
9780330493109
0330492527
9780141182599
9780099765219
0007749759
0099908409
0140440259
0340837098
9780141189208
0571228526
034911563X
0340739754
0140707093
9780141183596
9781841599861
9780224097475
0435126008
9782012446830
0006513204
9780007230143
9780099267546
9780241963265
